0.8625 1.26388
0.952083 1.00462
0.910227 0.839639
0.940625 0.917527
0.932143 0.925918
0.939904 0.942299
0.947984 1.01926
0.947917 0.858789
0.95061 0.903447
0.923641 0.976441
0.941667 0.863554
0.947545 0.940964
0.952869 0.919618
0.956061 0.913292
0.946479 1.02972
0.934046 0.967097
0.939352 0.966212
0.94811 0.958648
0.951648 0.926274
0.943099 0.942845
0.955074 0.883656
0.945047 0.931858
0.943468 0.9836
0.943319 0.966347
0.946901 0.942485
0.944841 0.945208
0.944275 0.948465
0.942831 0.931466
0.942287 0.930153
0.944178 0.908287
0.941639 0.927788
0.947356 0.892442
0.947593 0.914243
0.937575 0.937073
0.947807 0.913653
0.937855 0.976633
0.939365 0.921723
0.940188 0.962282
0.937827 0.926402
0.940689 0.939476
0.948632 0.978502
0.941323 0.925491
0.947927 0.935352
0.938947 0.9119
0.937726 0.930862
0.946958 0.928335
0.940855 0.93686
0.944492 0.954911
0.944606 0.965356
0.94187 0.939016
0.945269 0.947811
0.9479 0.953225
0.941954 0.955079
0.942998 0.946629
0.944419 0.944949
0.944928 0.924307
0.943194 0.943843
0.94576 0.976293
0.950086 0.9515
0.948564 0.957433
0.940905 0.948635
0.946569 0.980157
0.945056 0.936264
0.946598 0.95037
0.944665 0.929509
0.944479 0.937918
0.940446 0.947835
0.945015 0.93373
0.941862 0.944273
0.947182 0.914611
0.948967 0.920695
0.947015 0.939442
0.944148 0.949861
0.943374 0.923337
0.947237 0.947581
0.945445 0.94946
0.942192 0.940062
0.944851 0.929648
0.946004 0.958787
0.945455 0.959693
0.943547 0.96494
0.942365 0.937492
0.942944 0.937204
0.946785 0.943
0.945012 0.952816
0.943281 0.969019
0.941966 0.954168
0.942976 0.94278
0.942687 0.944657
0.943386 0.952813
0.946702 0.935567
0.947231 0.955584
0.943004 0.978962
0.940156 0.922768
0.941322 0.935678
0.941649 0.95424
0.945946 0.93947
0.947737 0.964012
0.944857 0.939146
0.9406 0.935364
0.943064 0.963675
0.943207 0.964144
0.94249 0.934352
0.947505 0.953749
0.947337 0.956166
0.943964 0.950773
0.940819 0.949327
0.942467 0.945913
0.942791 0.948852
0.94027 0.942655
0.94358 0.952628
0.941817 0.943187
0.946635 0.939113
0.946179 0.942326
0.944243 0.927945
0.943859 0.942845
0.943589 0.964014
0.944091 0.948157
0.942915 0.932897
0.947001 0.953454
0.946131 0.930802
0.9454 0.958898
0.944006 0.930843
0.944156 0.944594
0.947625 0.960472
0.941773 0.934785
0.946791 0.93123
0.945342 0.949437
0.94218 0.966298
0.944563 0.955809
0.943529 0.931145
0.946246 0.941684
0.943873 0.934855
0.945477 0.950317
0.94348 0.94425
0.944656 0.923315
0.9442 0.948229
0.944078 0.956199
0.945514 0.946325
0.946085 0.934917
0.945685 0.928942
0.945432 0.943984
0.94397 0.932012
0.943087 0.948316
0.945388 0.948616
0.941322 0.933111
0.943382 0.940427
0.945414 0.946984
0.943961 0.939282
0.943767 0.943542
0.942327 0.957973
0.946875 0.940449
0.945253 0.943213
0.944713 0.961679
0.946174 0.945859
0.945522 0.942772
0.944542 0.939101
0.945022 0.926943
0.943157 0.920592
0.942164 0.924824
0.942275 0.947332
0.943393 0.941576
0.941307 0.947039
0.944102 0.945764
0.944032 0.93053
0.947775 0.950321
0.944735 0.944135
0.942793 0.951979
0.942152 0.949556
0.947488 0.941645
0.946827 0.952906
0.946057 0.938595
0.943917 0.953018
0.946088 0.958854
0.943728 0.937388
0.946361 0.943469
0.944254 0.937673
0.947277 0.952572
0.943743 0.927695
0.945271 0.946064
0.945325 0.936174
0.946716 0.951503
0.947201 0.943506
0.945197 0.941222
0.943635 0.949201
0.943048 0.947856
0.947718 0.950806
0.942374 0.951024
0.944368 0.927994
0.94671 0.941177
0.943625 0.931526
0.94358 0.953908
0.945799 0.95279
0.948085 0.944738
0.946975 0.942677
0.944339 0.937947
0.943795 0.931085
0.943674 0.947267
0.941978 0.932678
0.941679 0.93883