0 0 0 0 0 0
0 0 0 0 0 0
0 0 0 0 0 0
0 0.05 0 0 0 0
0 0.1 0 0 0 0
0 0.1 0 0 0 0
0 0.45 0 0 0 0
0.15 0.35 0.25 0 0 0
0.7 0.75 0.65 0 0 0
1 1 0.95 0.05 0 0
0.95 1.3 1 0 0 0
1 1.1 1 0 0 0
1 1 1 0 0 0
1.45 1 1.05 0.05 0 0
1 1 1 0.05 0.05 0
1 1.05 1 0 0 0
1.05 1 1 0 0 0.05
1 1 1.05 0 0 0
1.15 1.15 1.05 0.05 0 0
1.25 1.2 1.45 0.1 0 0
1.7 1.45 1.55 0 0 0
1.9 1.8 1.95 0 0 0
2 1.95 2 0 0 0
2 1.95 2 0 0.1 0
1.95 2.05 2 0 0.1 0
2.05 2.05 2 0.05 0 0
2.1 2.1 2 0.05 0 0
2.2 2 2 0.15 0.1 0.2
2.3 2 2.8 0.05 0.1 0.05
2.05 2.1 2 0 0 0.05
2.35 2.05 2.1 0.05 0 0
2.15 2.1 2.1 0.05 0.05 0
2.25 2.15 2.2 0 0 0.05
2.4 2.25 2.75 0.2 0.1 0.1
2.45 2.5 2.5 0.45 0.25 0.45
2.8 3.75 2.55 1 1.1 1
2.9 2.7 2.8 1 1 1
3 2.9 2.95 1 1 1
3 3 3 1 1.05 1
3.15 3.85 3.05 1.1 1.1 1.05
3.1 3.2 3.2 1 1 1.15
3.25 3.2 3.2 1.2 1 1
3.4 3.15 3.3 1.2 1 1
4.5 3.55 3.35 1 1 1
3.7 3.75 3.75 1.15 1.15 1.15
4.65 3.8 3.75 1.1 1 1
4.1 4 3.95 1 1.1 1
3.95 4.2 4.05 1 1 1.15
4 4 4.05 1 1.2 1
4.5 4.05 4.05 1 1 1
4.1 4.05 4.1 1 1 1
4.25 4.05 4.15 1 1 1
4.15 4.15 4.2 1 1 1
4.35 4.2 4.15 1.1 1 1
4.4 4.8 4.4 1 1 1
4.4 4.5 4.45 1.05 1 1
4.45 4.75 4.55 1.05 1.15 1.05
4.65 4.65 6.35 1.05 1 1.15
4.7 4.8 4.9 1 1.1 1.05
4.75 4.9 4.85 1.05 1.05 1
4.9 4.8 4.9 1.1 1.05 1.15
5 4.9 5.4 1.05 1.1 1
5.2 4.9 4.9 1.15 1.05 1.05
5.1 5.2 5.05 1.05 1.05 1.1
5.15 4.95 5 1.15 1.15 1.1
5.1 6.85 5.2 1.25 1.1 1.15
5.2 5.1 5.1 1.2 1.1 1.15
5.25 5.3 5.25 1.05 1.15 1.2
5.15 5.3 5.25 1.1 1.4 1.4
5.35 5.3 5.2 1.6 1.45 1.3
5.65 5.4 5.4 1.55 1.25 1.25
5.45 5.4 5.4 1.3 1.35 1.3
7.5 5.6 5.45 1.65 1.35 1.45
5.65 5.65 5.8 2 2.15 1.95
5.9 5.85 6.1 2.1 2.15 2.1
5.9 5.85 5.85 2.2 2 2
6 6.05 5.95 2 2 2
6.25 5.95 6 2.1 2.15 2.05
6.25 6.1 7.35 2.1 2.1 2.05
6.25 6.3 6.1 2.15 2.3 2.15
6.4 6.55 6.45 2.35 2.3 2.2
6.6 6.6 6.5 2.35 2.45 2.4
6.8 6.8 6.75 2.35 2.55 2.45
7.25 6.85 6.7 2.75 2.35 2.4
7.05 8 6.9 2.55 2.6 2.45
7.1 7.15 7.15 2.55 2.35 2.45
7.25 7.15 7.2 2.5 2.4 2.65
7.3 7.2 7.25 2.6 2.65 2.6
7.3 7.3 7.35 2.65 2.65 2.7
7.4 7.3 7.4 2.9 2.7 2.85
8.45 7.4 7.55 2.9 2.85 2.85
7.65 7.65 7.7 2.8 2.9 2.85
8.05 7.85 7.85 2.9 2.85 2.9
8.05 7.9 8 2.85 2.85 2.95
8.1 10.3 8.1 3.2 3.15 3.15
8.1 8.85 8.2 2.9 2.95 2.9